302 -1 302 -1 302 -1 -1 -1 411 411 411 411 411 411 -1 221 -1 221 221 221 221 221 -1 127 127 127 127 127 127 127 127 127 127 127 -1 438 438 -1 438 438 -1 -1 -1 44 44 44 -1 250 250 250 -1 250 250 250 250 -1 -1 -1 -1 459 -1 62 62 -1 467 467 467 467 467 467 467 -1 174 174 174 174 174 -1 -1 381 381 381 381 381 381 -1 88 88 88 88 88 88 -1 -1 195 195 195 195 195 195
302 302 302 302 302 302 302 -1 -1 411 411 411 411 411 -1 221 221 221 221 221 221 221 -1 127 127 127 127 127 127 127 127 127 127 127 -1 438 438 438 438 438 438 438 -1 -1 -1 44 -1 250 250 250 250 250 250 250 250 -1 -1 459 -1 459 459 -1 -1 467 467 467 467 467 467 467 467 467 -1 174 174 174 -1 381 381 381 381 381 381 381 -1 88 88 88 88 88 88 88 -1 795 -1 195 195 195 195 -1
302 302 302 302 302 302 302 302 -1 -1 411 411 411 411 411 -1 -1 -1 221 221 221 221 221 -1 127 127 127 127 -1 127 127 127 127 -1 438 438 438 438 438 438 438 438 438 -1 -1 -1 -1 -1 250 250 250 250 250 250 250 250 -1 459 459 459 459 -1 -1 467 467 467 467 467 467 467 467 467 -1 174 174 -1 381 381 381 381 381 381 381 381 381 -1 88 88 88 88 88 -1 795 795 795 -1 195 195 -1 599
302 302 302 302 302 302 302 302 302 302 -1 411 411 -1 -1 616 616 616 -1 221 221 221 221 -1 127 127 127 -1 629 -1 127 -1 127 127 -1 438 438 438 438 438 438 438 438 438 -1 -1 250 250 250 250 250 250 250 250 -1 -1 459 459 459 459 -1 467 467 467 467 467 467 467 467 467 467 467 467 -1 -1 381 381 381 381 381 381 381 381 381 381 381 -1 -1 88 88 88 -1 795 795 795 795 -1 -1 599 599
302 302 302 302 302 302 302 -1 302 -1 411 411 -1 616 616 616 616 616 616 -1 221 221 -1 921 -1 127 -1 629 629 629 -1 629 -1 -1 438 438 438 438 438 438 438 438 438 438 -1 250 250 250 250 250 250 250 250 250 250 250 -1 459 459 459 459 -1 467 467 467 467 467 467 467 467 467 -1 -1 -1 873 -1 381 381 381 381 381 381 381 381 381 381 381 381 -1 -1 -1 795 795 795 795 795 -1 599 -1 599
302 302 302 302 302 302 302 302 -1 411 411 -1 -1 616 -1 616 616 616 -1 921 -1 -1 -1 921 921 -1 629 629 -1 629 629 629 629 -1 438 438 438 438 438 438 438 -1 438 438 438 -1 250 250 250 250 250 250 -1 250 250 -1 459 459 459 459 459 459 -1 467 467 467 467 467 467 467 -1 -1 -1 -1 873 873 -1 381 381 381 381 381 381 381 381 381 381 -1 -1 795 795 795 795 795 795 -1 599 599 599 599
302 302 -1 302 302 -1 302 -1 -1 -1 -1 616 616 616 616 616 616 -1 921 921 921 921 -1 921 921 921 -1 629 629 629 629 629 629 -1 438 438 -1 438 438 -1 -1 1241 -1 -1 -1 -1 -1 250 250 250 250 -1 -1 -1 -1 -1 -1 459 459 459 459 459 -1 467 467 -1 467 467 467 467 467 467 -1 873 873 873 873 -1 381 381 381 381 381 381 381 381 -1 1087 1087 -1 -1 795 795 795 795 795 -1 599 599 599
302 302 302 302 302 -1 -1 -1 -1 1310 -1 -1 616 -1 616 616 -1 921 921 921 921 921 921 921 921 921 -1 -1 629 -1 629 629 629 629 -1 438 438 438 -1 1241 1241 1241 -1 1241 -1 849 849 -1 250 -1 250 -1 1155 1155 1155 1155 1155 -1 -1 459 459 -1 762 -1 467 467 467 -1 467 467 -1 -1 873 873 873 873 873 -1 -1 -1 381 381 381 381 -1 -1 1087 1087 1087 -1 795 795 795 795 795 795 795 -1 599 599
302 302 -1 -1 302 -1 -1 1310 -1 1310 -1 1310 -1 -1 616 -1 921 921 921 921 921 921 921 921 921 921 921 921 -1 -1 629 629 629 -1 1232 -1 438 -1 1241 1241 -1 1241 1241 1241 -1 -1 849 849 -1 849 -1 1155 1155 1155 1155 1155 1155 1155 1155 -1 -1 762 762 762 -1 467 -1 1267 -1 -1 -1 873 873 873 873 873 -1 -1 -1 1378 -1 381 -1 381 -1 1087 1087 1087 1087 1087 -1 795 795 795 795 795 795 795 -1 599
302 -1 1002 1002 -1 -1 1310 1310 1310 1310 1310 1310 -1 -1 -1 -1 -1 921 921 921 921 921 921 921 921 921 921 -1 -1 -1 -1 629 -1 1232 1232 1232 -1 1241 1241 1241 1241 1241 1241 1241 1241 1241 -1 849 849 849 -1 1155 1155 1155 1155 1155 1155 1155 -1 -1 762 762 762 -1 -1 -1 1267 1267 -1 1267 1267 -1 873 873 873 -1 1378 -1 1378 1378 1378 -1 -1 -1 1087 1087 1087 1087 1087 -1 795 795 795 795 795 795 795 795 795 -1
-1 1002 1002 1002 -1 1310 1310 1310 1310 1310 1310 1310 1310 -1 1310 -1 921 921 921 921 921 921 921 921 921 921 921 -1 -1 1232 1232 -1 1232 1232 1232 1232 -1 1241 1241 1241 1241 1241 1241 1241 1241 -1 849 849 849 -1 1155 1155 1155 1155 1155 1155 1155 1155 1155 -1 -1 762 -1 1267 1267 1267 1267 1267 1267 1267 1267 1267 -1 873 -1 1378 1378 -1 1378 1378 1378 1378 -1 1087 1087 1087 1087 1087 1087 1087 -1 -1 795 795 795 795 795 795 795 795
1002 1002 1002 1002 1002 -1 1310 1310 1310 1310 1310 1310 1310 1310 1310 1310 -1 921 921 921 -1 921 921 921 921 -1 -1 -1 1232 1232 1232 1232 1232 1232 1232 -1 1241 1241 1241 1241 1241 1241 1241 1241 1241 1241 -1 849 849 849 -1 1155 1155 1155 1155 1155 1155 1155 1155 1155 -1 -1 -1 -1 1267 1267 1267 1267 1267 1267 -1 -1 1172 -1 1378 1378 1378 1378 1378 1378 -1 -1 -1 1087 1087 1087 1087 1087 1087 1087 1087 1087 -1 795 795 795 -1 795 795 -1
1002 1002 1002 1002 1002 -1 1310 1310 1310 1310 1310 1310 1310 1310 1310 1310 1310 -1 921 -1 921 921 921 921 921 921 -1 1327 -1 1232 1232 1232 1232 1232 1232 1232 -1 -1 1241 1241 1241 1241 1241 1241 -1 -1 -1 849 849 -1 1155 1155 1155 1155 1155 1155 1155 1155 1155 -1 -1 -1 -1 1267 1267 1267 1267 1267 1267 1267 1267 -1 1172 -1 1378 1378 1378 1378 1378 1378 1378 -1 -1 -1 1087 1087 1087 1087 1087 1087 1087 1087 1087 -1 795 -1 -1 795 -1 1299
1002 1002 1002 1002 -1 1704 -1 1310 1310 1310 1310 1310 1310 1310 1310 1310 1310 -1 921 -1 921 921 921 921 921 -1 -1 1327 1327 -1 1232 1232 1232 1232 1232 1232 1232 1232 -1 1241 1241 1241 1241 -1 2045 -1 2045 -1 849 -1 -1 1155 1155 1155 1155 1155 1155 1155 1155 1155 1155 -1 1267 1267 1267 1267 1267 1267 1267 -1 -1 -1 -1 1974 -1 1378 1378 1378 1378 1378 1378 1378 -1 -1 -1 1087 1087 1087 1087 1087 1087 -1 -1 1590 -1 -1 -1 -1 1299 1299
1002 1002 -1 -1 -1 1704 1704 -1 1310 1310 1310 1310 1310 1310 1310 -1 1310 -1 -1 -1 921 921 -1 921 -1 1622 1622 -1 -1 1232 1232 1232 1232 1232 1232 1232 1232 -1 -1 1241 1241 1241 -1 2045 2045 2045 2045 -1 849 -1 1653 -1 -1 1155 1155 1155 1155 1155 1155 1155 -1 -1 -1 1267 1267 1267 1267 1267 -1 1469 1469 -1 -1 1974 1974 -1 1378 1378 1378 1378 1378 1378 1378 -1 1885 -1 1087 1087 -1 1087 -1 1590 1590 1590 1590 1590 -1 1299 1299 1299
1002 -1 1704 1704 1704 1704 1704 -1 -1 1310 1310 1310 1310 1310 1310 1310 -1 -1 2117 -1 -1 921 -1 -1 1622 1622 1622 1622 -1 -1 1232 1232 -1 1232 1232 1232 -1 1241 1241 1241 1241 -1 2045 2045 2045 2045 2045 2045 -1 1653 1653 1653 1653 -1 -1 1155 1155 1155 1155 -1 1859 -1 -1 -1 1267 1267 1267 -1 1469 1469 -1 1974 1974 1974 1974 -1 -1 1378 1378 1378 1378 1378 -1 1885 1885 1885 -1 -1 -1 -1 1590 1590 -1 1590 -1 -1 -1 1299 1299 -1
-1 -1 1704 1704 1704 1704 1704 1704 1704 -1 1310 -1 1310 1310 -1 -1 2117 2117 2117 2117 -1 -1 1622 1622 1622 1622 1622 1622 -1 -1 -1 1232 -1 -1 1232 -1 -1 -1 1241 1241 -1 2045 2045 2045 2045 2045 2045 2045 -1 1653 1653 1653 1653 1653 -1 1155 -1 -1 -1 1859 1859 1859 1859 -1 -1 -1 1267 -1 1469 -1 1974 -1 1974 1974 1974 -1 1974 -1 -1 1378 -1 -1 1885 1885 1885 1885 1885 1885 -1 1590 1590 -1 2190 -1 1695 1695 -1 -1 1299 -1
-1 1704 1704 1704 1704 1704 1704 1704 1704 -1 1310 1310 -1 -1 2117 2117 2117 2117 2117 -1 1622 1622 1622 1622 1622 1622 1622 1622 -1 -1 2031 -1 -1 -1 -1 -1 -1 -1 1241 -1 2045 2045 2045 2045 2045 2045 2045 2045 2045 -1 1653 1653 1653 1653 1653 -1 1859 1859 1859 1859 1859 -1 -1 -1 -1 1868 -1 1868 -1 1974 1974 1974 1974 1974 1974 1974 1974 1974 1974 -1 1780 1780 -1 1885 1885 1885 1885 1885 -1 1590 -1 2190 2190 2190 -1 -1 2199 2199 -1 2199
1704 1704 1704 1704 1704 1704 1704 1704 -1 1310 1310 1310 1310 1310 -1 2117 2117 2117 2117 2117 -1 -1 1622 1622 -1 1622 -1 -1 -1 -1 2031 2031 2031 2031 -1 -1 1938 1938 -1 1938 -1 2045 2045 2045 2045 2045 2045 2045 2045 2045 -1 1653 1653 1653 -1 1859 1859 1859 1859 1859 -1 -1 -1 -1 1868 1868 1868 1868 1868 -1 1974 1974 1974 1974 1974 1974 1974 1974 1974 1974 -1 -1 1885 1885 1885 1885 1885 1885 1885 -1 2190 2190 2190 2190 2190 -1 2199 2199 2199 2199
-1 1704 -1 1704 1704 1704 1704 1704 -1 1310 1310 1310 -1 -1 2117 2117 2117 2117 2117 -1 2322 2322 -1 -1 2322 -1 1927 1927 -1 2031 2031 2031 2031 2031 2031 -1 1938 1938 1938 1938 1938 -1 2045 2045 2045 2045 2045 2045 2045 2045 2045 -1 1653 1653 1653 -1 1859 -1 -1 -1 2358 2358 -1 1868 1868 1868 1868 1868 1868 -1 1974 1974 1974 1974 1974 1974 1974 1974 1974 1974 1974 -1 -1 1885 1885 1885 1885 1885 1885 1885 -1 2190 2190 2190 2190 2190 -1 2199 2199 2199
2101 -1 -1 1704 1704 1704 1704 -1 -1 1310 1310 1310 -1 2117 2117 2117 2117 2117 -1 2322 2322 2322 -1 2322 2322 2322 -1 -1 2031 2031 2031 2031 2031 2031 -1 1938 1938 1938 1938 1938 1938 1938 -1 2045 2045 2045 2045 2045 2045 2045 -1 1653 1653 1653 1653 -1 -1 2358 2358 2358 2358 2358 2358 -1 1868 1868 1868 1868 -1 1974 1974 1974 1974 1974 1974 1974 1974 1974 1974 1974 -1 -1 -1 -1 1885 1885 1885 -1 1885 -1 2190 2190 2190 2190 2190 -1 2190 -1 2199 2199
2101 2101 -1 -1 1704 1704 -1 2407 2407 -1 1310 -1 2117 2117 2117 2117 2117 2117 -1 2322 2322 2322 2322 2322 2322 2322 -1 2031 2031 2031 2031 2031 2031 2031 -1 1938 1938 1938 1938 1938 1938 1938 -1 -1 2045 2045 2045 2045 2045 -1 -1 -1 1653 1653 -1 2358 2358 2358 2358 2358 2358 2358 2358 2358 -1 1868 1868 -1 2270 -1 -1 1974 1974 1974 1974 1974 1974 1974 -1 -1 2578 2578 -1 1885 1885 1885 1885 -1 -1 2190 2190 2190 2190 2190 2190 2190 2190 2190 -1 2199
2101 -1 2407 -1 1704 -1 2407 2407 2407 2407 -1 2407 -1 2117 2117 2117 2117 -1 2322 2322 2322 2322 2322 2322 2322 2322 2322 -1 2031 2031 2031 2031 2031 2031 2031 -1 -1 1938 -1 1938 1938 -1 2045 2045 2045 2045 2045 2045 2045 2045 -1 -1 -1 -1 2358 2358 2358 2358 2358 2358 2358 2358 2358 -1 2366 -1 -1 2270 2270 2270 2270 -1 -1 1974 1974 1974 1974 1974 -1 2578 2578 2578 -1 1885 1885 1885 -1 2889 -1 2190 -1 2190 2190 2190 2190 2190 2190 -1 2199 2199
-1 2407 2407 2407 -1 2407 2407 2407 2407 2407 2407 2407 -1 2117 2117 2117 2117 2117 -1 2322 2322 2322 2322 2322 2322 -1 -1 -1 -1 2031 -1 2031 2031 2031 -1 2633 2633 -1 -1 1938 -1 2045 2045 2045 2045 2045 2045 2045 2045 2045 2045 -1 2452 2452 -1 2358 2358 2358 2358 2358 -1 2358 2358 -1 2366 2366 2366 -1 -1 2270 2270 2270 -1 1974 -1 1974 -1 -1 2578 2578 2578 2578 2578 -1 1885 -1 2889 2889 2889 -1 2889 -1 2190 2190 2190 -1 -1 2199 2199 2199
2700 -1 2407 2407 2407 2407 2407 2407 2407 2407 2407 2407 2407 -1 2117 2117 2117 -1 2322 2322 2322 2322 2322 2322 2322 2322 2322 -1 2529 -1 2031 2031 2031 -1 2633 2633 -1 2633 -1 -1 -1 -1 2045 2045 2045 2045 2045 2045 2045 2045 -1 2452 2452 2452 -1 2358 2358 2358 2358 -1 2661 -1 -1 -1 2366 2366 -1 2668 -1 2270 2270 2270 -1 -1 -1 1974 -1 2578 2578 2578 2578 2578 2578 -1 -1 2889 2889 2889 2889 2889 2889 2889 -1 -1 -1 -1 -1 2199 2199 2199
2700 -1 2407 2407 -1 2407 -1 2407 2407 2407 2407 2407 -1 -1 -1 2117 2117 -1 -1 2322 2322 2322 2322 2322 2322 2322 2322 -1 2529 2529 -1 2031 -1 2633 2633 2633 2633 2633 2633 -1 -1 2645 -1 2045 2045 -1 2045 2045 2045 -1 -1 2452 2452 2452 2452 -1 2358 -1 -1 2661 2661 2661 2661 2661 -1 -1 2668 2668 2668 -1 -1 -1 2668 2668 -1 -1 2578 2578 2578 2578 2578 2578 -1 -1 -1 2889 2889 2889 2889 2889 2889 -1 2889 2889 -1 -1 2199 2199 2199 2199
2700 2700 -1 -1 3205 -1 3205 -1 2407 2407 2407 2407 2407 2407 -1 2117 -1 -1 -1 2322 2322 2322 2322 2322 2322 2322 -1 2529 2529 2529 -1 -1 2633 2633 2633 2633 2633 2633 -1 2645 2645 2645 2645 -1 -1 2645 -1 -1 -1 2645 2645 -1 2452 2452 2452 2452 -1 3158 3158 -1 2661 2661 2661 2661 -1 -1 2668 2668 2668 2668 2668 2668 2668 -1 2675 2675 -1 2578 2578 2578 2578 2578 -1 -1 2889 2889 2889 2889 2889 2889 2889 2889 2889 2889 2889 -1 -1 -1 2199 2199
2700 2700 -1 -1 3205 3205 3205 3205 -1 2407 2407 2407 -1 -1 -1 -1 -1 -1 -1 -1 2322 2322 2322 2322 2322 -1 -1 -1 2529 -1 2633 2633 2633 2633 2633 -1 2633 2633 -1 -1 -1 2645 2645 2645 2645 2645 2645 2645 2645 2645 -1 2452 2452 2452 2452 -1 3158 3158 3158 3158 -1 2661 -1 2661 -1 -1 2668 2668 2668 2668 2668 -1 2668 2668 -1 -1 3374 -1 2578 2578 2578 -1 2889 2889 2889 2889 2889 2889 2889 2889 2889 2889 2889 2889 2889 -1 -1 3198 -1 -1
2700 -1 3205 3205 -1 3205 3205 3205 -1 -1 2407 -1 -1 -1 -1 3315 -1 3315 -1 -1 -1 2322 -1 2322 -1 3124 -1 3124 -1 2633 2633 2633 2633 2633 2633 2633 -1 -1 -1 -1 3339 -1 2645 2645 2645 2645 2645 2645 2645 2645 2645 -1 2452 2452 -1 -1 3158 3158 3158 3158 -1 2661 2661 -1 3066 3066 -1 -1 2668 2668 2668 -1 2668 -1 3374 3374 3374 3374 -1 2578 2578 2578 -1 2889 2889 2889 2889 2889 2889 2889 2889 2889 2889 2889 -1 -1 -1 3198 -1 3198
-1 3205 3205 3205 3205 3205 3205 3205 3205 3205 -1 3315 3315 3315 3315 3315 3315 3315 -1 3315 -1 -1 3124 -1 3124 3124 3124 3124 -1 2633 2633 2633 2633 2633 2633 -1 3339 -1 -1 3339 3339 3339 -1 -1 2645 2645 2645 2645 2645 2645 -1 -1 2452 -1 3158 3158 3158 3158 3158 3158 3158 -1 -1 3066 3066 3066 3066 3066 -1 -1 -1 -1 -1 3374 3374 3374 3374 3374 3374 -1 2578 2578 -1 -1 2889 2889 2889 2889 2889 2889 2889 2889 2889 -1 -1 3198 3198 3198 3198 3198
3205 3205 3205 3205 3205 3205 3205 3205 3205 3205 -1 3315 3315 3315 3315 3315 3315 3315 3315 3315 -1 3124 3124 3124 3124 3124 3124 3124 3124 -1 2633 2633 2633 2633 -1 3339 3339 3339 3339 3339 3339 3339 3339 -1 -1 -1 2645 2645 2645 -1 3348 3348 -1 3158 3158 3158 3158 3158 3158 3158 3158 3158 3158 -1 3066 -1 3066 3066 3066 3066 -1 3374 3374 3374 3374 3374 3374 3374 3374 3374 -1 -1 3282 -1 -1 2889 2889 2889 2889 2889 2889 2889 2889 2889 -1 -1 3198 3198 3198 3198
-1 3205 3205 3205 3205 3205 3205 3205 3205 3205 3205 -1 3315 3315 3315 3315 3315 3315 3315 3315 3315 -1 3124 3124 3124 3124 3124 3124 3124 -1 -1 2633 2633 -1 3339 3339 3339 3339 3339 3339 3339 3339 3339 3339 -1 -1 2645 2645 2645 -1 3348 -1 3158 3158 3158 3158 3158 3158 3158 3158 3158 3158 -1 -1 -1 3563 -1 3066 3066 -1 3374 3374 3374 3374 3374 3374 3374 3374 3374 -1 3282 3282 3282 3282 3282 -1 -1 2889 -1 2889 2889 2889 2889 2889 2889 -1 3198 3198 3198 3198
3205 3205 3205 3205 3205 3205 3205 3205 3205 3205 -1 3315 3315 3315 3315 3315 3315 3315 3315 3315 -1 3124 3124 3124 3124 3124 3124 3124 3124 3124 3124 -1 -1 3339 3339 3339 3339 3339 3339 3339 3339 3339 3339 3339 3339 3339 -1 2645 -1 3348 3348 3348 -1 -1 3158 3158 3158 3158 3158 3158 3158 -1 3563 3563 3563 3563 -1 -1 3066 3066 -1 -1 3374 3374 3374 3374 3374 3374 -1 -1 3282 3282 3282 3282 3282 3282 -1 -1 -1 -1 2889 2889 2889 -1 -1 3198 3198 3198 3198 3198
3205 3205 3205 3205 3205 3205 3205 3205 3205 -1 -1 3315 3315 3315 3315 3315 3315 3315 3315 3315 3315 -1 3124 3124 3124 3124 3124 3124 3124 3124 -1 3831 3831 -1 3339 3339 3339 3339 3339 3339 3339 3339 3339 3339 3339 -1 3348 -1 3348 3348 3348 3348 3348 3348 -1 -1 3158 3158 3158 3158 3158 3158 -1 3563 3563 3563 3563 3563 -1 3066 -1 3374 3374 3374 3374 3374 3374 3374 3374 3374 -1 3282 3282 -1 3282 -1 3586 3586 -1 2889 2889 2889 -1 3198 3198 3198 3198 3198 3198 3198
3205 3205 -1 3205 3205 3205 3205 3205 3205 3205 3205 -1 3315 3315 3315 3315 3315 3315 3315 3315 3315 -1 3124 3124 3124 3124 3124 3124 3124 -1 3831 3831 3831 3831 -1 3339 3339 3339 3339 3339 3339 3339 3339 3339 3339 -1 3348 3348 3348 3348 3348 3348 3348 3348 3348 -1 3158 3158 3158 3158 3158 -1 3563 3563 3563 -1 3563 -1 3769 -1 3374 3374 3374 3374 3374 3374 3374 3374 -1 -1 3879 -1 -1 3879 -1 3586 3586 3586 3586 -1 2889 -1 3591 -1 3198 3198 3198 3198 3198 3198
3205 -1 3205 3205 3205 3205 3205 3205 3205 -1 -1 -1 3315 -1 3315 3315 3315 3315 3315 3315 3315 -1 3124 -1 -1 -1 -1 3124 -1 3831 3831 3831 3831 -1 3339 3339 3339 -1 3339 3339 3339 3339 3339 3339 -1 3348 3348 3348 3348 3348 3348 3348 3348 3348 3348 -1 -1 -1 3158 -1 3158 -1 3563 3563 -1 4066 -1 -1 3769 3769 -1 3374 3374 3374 3374 3374 3374 -1 3879 3879 3879 3879 -1 3879 3879 -1 3586 3586 3586 3586 -1 3591 3591 3591 -1 -1 -1 -1 3198 3198
-1 -1 -1 3205 3205 3205 3205 -1 3205 3205 -1 3811 -1 3315 3315 3315 3315 3315 3315 3315 -1 4122 -1 -1 4122 4122 -1 -1 3831 3831 3831 3831 3831 3831 -1 3339 3339 3339 3339 3339 3339 3339 -1 3339 -1 3348 3348 3348 3348 3348 3348 3348 3348 3348 -1 -1 -1 -1 3158 -1 -1 3563 3563 -1 4066 4066 4066 4066 -1 3769 -1 3374 3374 3374 3374 -1 -1 3879 3879 3879 3879 3879 3879 3879 3879 -1 -1 3586 3586 3586 -1 3591 3591 3591 -1 4095 -1 -1 -1 -1
-1 -1 -1 3205 -1 3205 3205 3205 3205 -1 3811 3811 -1 3315 3315 3315 3315 3315 3315 3315 -1 4122 4122 4122 4122 4122 4122 -1 3831 3831 3831 3831 3831 3831 -1 -1 -1 -1 -1 3339 3339 -1 4138 -1 -1 -1 3348 -1 3348 3348 -1 3348 -1 -1 -1 -1 4060 4060 -1 4060 -1 3563 -1 4066 4066 4066 4066 4066 -1 3769 3769 -1 3374 -1 3374 -1 -1 3879 3879 3879 3879 3879 3879 3879 3879 3879 3879 -1 -1 -1 4390 -1 3591 -1 4095 4095 4095 -1 -1 4099
-1 4302 4302 -1 3205 3205 3205 -1 -1 3811 3811 3811 3811 -1 3315 3315 3315 -1 3315 -1 4122 4122 4122 4122 4122 4122 4122 -1 -1 3831 3831 3831 3831 -1 4138 4138 4138 4138 4138 -1 -1 4138 4138 4138 -1 -1 -1 -1 -1 -1 4051 -1 4051 -1 -1 4060 4060 4060 4060 4060 4060 -1 4066 4066 4066 4066 4066 4066 4066 -1 3769 3769 -1 3879 -1 3879 3879 3879 3879 3879 3879 3879 3879 3879 3879 3879 -1 -1 4390 4390 4390 4390 -1 -1 4095 4095 4095 -1 4099 4099
4302 4302 4302 4302 -1 3205 -1 3811 3811 3811 3811 3811 3811 -1 -1 -1 -1 -1 -1 4122 4122 4122 4122 4122 4122 4122 4122 4122 4122 -1 3831 3831 3831 3831 -1 4138 4138 4138 4138 4138 4138 4138 4138 4138 4138 -1 -1 -1 4051 4051 4051 4051 4051 4051 -1 -1 4060 4060 4060 4060 4060 4060 -1 4066 4066 4066 4066 4066 4066 -1 -1 -1 3879 3879 3879 3879 3879 3879 3879 3879 3879 3879 3879 3879 3879 -1 -1 4390 4390 4390 4390 4390 -1 4390 -1 4095 -1 4099 4099 4099
4302 4302 4302 4302 4302 -1 -1 3811 3811 -1 3811 3811 -1 4215 -1 4215 4215 -1 4122 4122 4122 4122 4122 4122 4122 4122 4122 4122 -1 3831 3831 3831 3831 -1 4138 4138 4138 4138 4138 4138 4138 -1 4138 -1 -1 4246 -1 4051 4051 4051 4051 4051 -1 -1 -1 4060 -1 4060 4060 4060 4060 4060 4060 -1 4066 4066 4066 4066 4066 4066 4066 -1 -1 -1 3879 -1 3879 3879 3879 3879 3879 3879 3879 3879 3879 3879 -1 4390 4390 4390 4390 -1 4390 4390 -1 4095 -1 -1 4099 4099
-1 4302 4302 4302 4302 4302 4302 -1 -1 4709 -1 -1 4215 4215 4215 4215 -1 4215 -1 4122 4122 4122 4122 4122 4122 4122 4122 4122 4122 -1 3831 3831 3831 -1 4138 4138 4138 4138 4138 4138 4138 4138 -1 -1 4246 4246 4246 -1 -1 4051 4051 4051 4051 4051 -1 4060 4060 4060 4060 4060 4060 4060 -1 4066 4066 4066 4066 4066 4066 4066 -1 4273 4273 4273 -1 3879 3879 3879 3879 3879 3879 3879 -1 3879 -1 -1 4390 4390 4390 4390 4390 4390 4390 4390 4390 -1 4099 4099 4099 4099
4302 -1 4302 4302 4302 4302 4302 4302 -1 4709 4709 -1 -1 4215 4215 4215 4215 4215 4215 -1 4122 4122 4122 4122 4122 4122 4122 4122 -1 3831 3831 3831 -1 4138 4138 4138 4138 4138 4138 4138 4138 4138 4138 4138 -1 4246 4246 4246 4246 -1 4051 4051 4051 -1 4855 -1 -1 4060 4060 4060 4060 4060 -1 -1 4066 4066 4066 4066 4066 4066 4066 -1 4273 4273 4273 -1 3879 3879 3879 3879 -1 3879 -1 -1 -1 4390 4390 4390 4390 4390 4390 4390 4390 4390 4390 4390 -1 4099 -1 4099
4302 4302 4302 4302 4302 4302 4302 -1 4709 4709 4709 -1 -1 4215 4215 4215 4215 -1 -1 4122 4122 4122 4122 4122 4122 -1 4122 4122 4122 -1 3831 3831 3831 -1 -1 4138 4138 4138 4138 4138 4138 4138 -1 -1 4246 4246 4246 4246 4246 4246 -1 4051 -1 -1 4855 -1 4855 -1 4060 4060 -1 -1 -1 4066 4066 4066 4066 4066 4066 4066 -1 4273 4273 4273 4273 4273 -1 3879 -1 -1 -1 -1 -1 4483 4483 -1 4390 4390 4390 4390 4390 4390 4390 4390 4390 -1 -1 -1 -1 4099
4302 4302 4302 4302 4302 4302 4302 -1 4709 4709 4709 4709 -1 4215 4215 4215 -1 -1 4122 4122 4122 4122 4122 4122 4122 4122 -1 4122 -1 4528 -1 3831 3831 -1 -1 -1 4138 4138 4138 4138 4138 -1 5041 -1 4246 4246 4246 4246 -1 4246 4246 -1 4855 4855 4855 4855 4855 4855 -1 4060 -1 4663 -1 -1 4066 4066 4066 4066 4066 -1 4273 4273 -1 -1 -1 4273 4273 -1 4680 4680 -1 4483 4483 4483 -1 4390 4390 4390 4390 4390 4390 4390 4390 4390 4390 4390 4390 -1 -1 -1
4302 4302 4302 -1 4302 4302 -1 4709 4709 4709 4709 4709 4709 -1 4215 -1 4615 -1 4122 4122 4122 4122 4122 4122 4122 -1 -1 -1 4528 4528 -1 3831 -1 4733 -1 4138 4138 4138 4138 4138 -1 5041 5041 5041 -1 4246 4246 4246 4246 -1 4246 4246 -1 4855 4855 4855 4855 4855 4855 -1 -1 4663 4663 4663 -1 4066 -1 4066 -1 -1 -1 -1 4873 4873 4873 -1 4273 4273 -1 4680 4680 -1 4483 -1 4390 4390 4390 4390 4390 4390 4390 4390 4390 4390 4390 -1 -1 -1 4996 -1
4302 4302 -1 4302 4302 4302 -1 4709 4709 4709 4709 4709 4709 4709 -1 4615 4615 4615 -1 -1 4122 4122 4122 4122 -1 -1 -1 5328 -1 4528 -1 -1 4733 4733 4733 -1 -1 -1 -1 -1 5041 -1 5041 5041 5041 -1 4246 4246 4246 -1 -1 -1 4855 4855 4855 4855 4855 4855 -1 -1 4663 4663 4663 4663 4663 -1 4663 -1 4663 -1 4873 4873 4873 4873 -1 4873 -1 -1 4680 4680 4680 -1 -1 5382 -1 4390 4390 4390 4390 4390 4390 4390 4390 4390 4390 -1 4996 4996 4996 4996
4302 -1 4904 -1 4302 -1 4709 4709 4709 4709 4709 4709 4709 4709 4709 -1 4615 4615 4615 -1 4122 4122 4122 -1 -1 -1 5328 5328 5328 -1 5328 -1 4733 4733 4733 4733 -1 5041 5041 5041 5041 5041 5041 -1 5041 5041 -1 4246 -1 -1 5249 -1 4855 4855 4855 4855 4855 4855 4855 -1 4663 4663 4663 4663 4663 4663 4663 4663 4663 -1 -1 -1 -1 4873 4873 4873 4873 -1 4680 4680 -1 5382 5382 5382 -1 -1 4390 4390 4390 4390 4390 4390 4390 4390 -1 4996 4996 4996 4996 4996
-1 4904 4904 4904 -1 4709 4709 4709 4709 4709 4709 4709 -1 4709 -1 4615 4615 4615 -1 -1 -1 4122 -1 -1 -1 5328 5328 5328 5328 5328 5328 -1 -1 4733 -1 4733 -1 -1 5041 5041 5041 5041 5041 5041 5041 5041 5041 -1 -1 5249 5249 5249 -1 4855 4855 4855 4855 4855 4855 4855 -1 4663 4663 4663 4663 4663 4663 -1 4663 -1 -1 -1 4873 4873 4873 -1 -1 4680 4680 -1 5382 5382 5382 5382 -1 5382 -1 4390 -1 4390 4390 4390 4390 -1 4996 4996 4996 4996 4996 4996
-1 -1 4904 4904 4904 -1 -1 4709 4709 4709 4709 -1 5112 -1 5112 -1 4615 -1 5516 -1 -1 -1 5022 -1 5328 5328 5328 5328 5328 5328 5328 5328 5328 -1 5033 -1 5041 5041 5041 5041 5041 5041 5041 5041 5041 5041 5041 -1 5249 -1 5249 5249 5249 -1 4855 4855 4855 4855 4855 -1 -1 4663 4663 4663 -1 4663 4663 -1 -1 5372 -1 4873 4873 4873 4873 4873 4873 -1 -1 5382 5382 -1 5382 5382 5382 5382 -1 -1 5088 -1 4390 -1 4390 -1 4996 4996 4996 4996 4996 4996
-1 4904 4904 4904 4904 4904 -1 -1 4709 4709 -1 5112 5112 5112 5112 5112 -1 5516 5516 -1 -1 5022 5022 5022 -1 5328 5328 5328 5328 5328 5328 5328 -1 5033 5033 -1 5041 5041 5041 5041 5041 5041 5041 5041 5041 5041 -1 5249 5249 5249 5249 5249 5249 5249 -1 4855 4855 4855 4855 4855 4855 -1 4663 -1 5264 -1 -1 5372 -1 5372 5372 -1 4873 4873 4873 -1 -1 -1 5382 5382 5382 5382 5382 5382 5382 5382 -1 5088 5088 5088 -1 5088 -1 4996 4996 4996 4996 4996 4996 4996
5100 -1 4904 4904 4904 -1 -1 -1 4709 -1 5112 5112 5112 5112 5112 5112 5112 -1 5516 5516 5516 -1 5022 -1 5328 5328 5328 5328 5328 5328 5328 5328 -1 5033 -1 5636 -1 5041 5041 5041 5041 5041 5041 5041 5041 5041 5041 -1 5249 5249 5249 5249 5249 5249 5249 -1 4855 4855 4855 -1 -1 -1 -1 5264 5264 5264 -1 5372 5372 5372 5372 -1 4873 4873 4873 -1 5382 5382 5382 5382 5382 5382 5382 5382 5382 5382 5382 -1 5088 5088 5088 5088 5088 -1 4996 4996 4996 4996 4996 4996
5100 5100 -1 -1 -1 5304 -1 -1 -1 -1 5112 5112 5112 5112 5112 5112 -1 5516 5516 5516 5516 -1 -1 5328 5328 5328 5328 5328 5328 5328 5328 -1 -1 -1 5636 5636 5636 -1 5041 -1 5041 5041 5041 5041 5041 5041 5041 -1 -1 5249 5249 5249 5249 5249 -1 -1 -1 -1 4855 -1 -1 5264 5264 5264 5264 5264 5264 -1 5372 5372 5372 5372 -1 -1 -1 -1 5382 5382 5382 5382 5382 5382 5382 5382 5382 5382 5382 -1 -1 5088 5088 5088 -1 4996 4996 4996 4996 4996 4996 4996
-1 -1 5901 -1 5304 5304 5304 -1 -1 -1 -1 -1 5112 -1 5112 -1 5516 5516 5516 5516 5516 5516 -1 5328 5328 5328 5328 5328 5328 5328 -1 5636 5636 5636 -1 5636 5636 5636 -1 5636 -1 5041 5041 -1 5041 -1 -1 -1 5249 5249 5249 5249 5249 5249 5249 -1 5855 -1 -1 5359 5359 -1 5264 5264 5264 5264 -1 -1 5372 5372 5372 5372 5372 5372 -1 -1 5382 5382 5382 5382 5382 5382 5382 5382 5382 -1 5382 -1 5382 -1 5088 5088 -1 -1 -1 -1 -1 4996 4996 -1
5901 -1 5901 5901 -1 5304 5304 5304 5304 -1 -1 -1 5112 5112 -1 5516 5516 5516 5516 5516 5516 5516 -1 5328 5328 5328 5328 5328 5328 5328 -1 5636 5636 5636 5636 5636 5636 5636 5636 5636 -1 -1 5041 5041 -1 5546 -1 5249 5249 5249 5249 5249 5249 5249 -1 5855 5855 -1 5359 5359 5359 5359 -1 5264 5264 -1 5866 5866 -1 5372 5372 5372 5372 -1 6175 -1 5382 5382 5382 5382 5382 5382 5382 5382 5382 5382 5382 5382 5382 -1 5088 5088 -1 -1 -1 6094 -1 -1 -1 5599
5901 5901 5901 5901 5901 -1 5304 5304 -1 -1 -1 5516 -1 -1 5516 5516 5516 5516 5516 5516 5516 -1 5621 -1 5328 -1 5328 5328 5328 -1 5636 5636 5636 5636 5636 5636 5636 5636 5636 5636 5636 5636 -1 5041 -1 5546 5546 -1 5249 5249 5249 5249 5249 -1 5855 5855 -1 5855 -1 5359 5359 5359 -1 -1 -1 5866 5866 5866 5866 -1 -1 5372 -1 6175 6175 6175 -1 -1 5382 5382 5382 5382 5382 5382 5382 5382 -1 5382 5382 -1 5088 -1 -1 6094 -1 6094 6094 -1 -1 5599
5901 5901 5901 5901 -1 -1 5304 -1 5809 -1 5516 5516 5516 5516 5516 5516 5516 5516 5516 5516 -1 5621 5621 -1 5328 -1 5328 5328 -1 5636 5636 5636 5636 5636 5636 5636 5636 5636 5636 5636 -1 -1 5942 -1 -1 -1 5546 5546 -1 5249 5249 5249 -1 5855 5855 5855 5855 5855 5855 -1 5359 -1 5866 5866 5866 5866 5866 5866 -1 5866 5866 -1 6175 -1 6175 6175 -1 5382 5382 5382 5382 5382 5382 5382 5382 5382 5382 5382 -1 5689 -1 -1 6094 6094 -1 6094 -1 6094 6094 -1
5901 5901 5901 5901 5901 5901 -1 5809 5809 5809 -1 5516 5516 5516 5516 5516 5516 5516 5516 5516 5516 -1 5621 5621 -1 6326 -1 5328 5328 -1 5636 5636 5636 5636 5636 5636 5636 5636 5636 5636 5636 -1 5942 5942 5942 5942 -1 5546 5546 -1 5249 -1 5855 5855 5855 5855 5855 5855 5855 5855 -1 -1 -1 5866 5866 5866 5866 5866 5866 5866 -1 6175 6175 -1 6175 6175 6175 -1 -1 5382 5382 5382 5382 5382 5382 -1 5382 -1 5689 5689 5689 -1 -1 6094 6094 6094 -1 6094 6094 6094
5901 5901 5901 5901 5901 5901 -1 5809 5809 5809 -1 5516 5516 5516 5516 5516 5516 5516 5516 5516 -1 5621 5621 5621 -1 6326 6326 -1 -1 -1 -1 5636 5636 5636 5636 5636 5636 5636 5636 5636 -1 5942 5942 5942 5942 5942 -1 5546 5546 -1 -1 -1 -1 -1 5855 5855 5855 5855 5855 -1 6061 -1 5866 5866 5866 5866 5866 -1 5866 -1 6175 6175 6175 6175 6175 6175 6175 6175 6175 -1 -1 5382 5382 5382 5382 5382 -1 -1 -1 5689 -1 -1 6094 6094 6094 6094 6094 6094 6094 6094
5901 5901 5901 5901 5901 5901 5901 -1 5809 5809 -1 -1 5516 -1 5516 -1 5516 -1 5516 -1 5621 5621 -1 -1 6326 6326 6326 6326 6326 -1 -1 -1 5636 5636 5636 5636 5636 5636 5636 5636 5636 -1 5942 5942 5942 5942 -1 5546 -1 6246 -1 -1 5855 5855 5855 5855 5855 5855 -1 6061 6061 -1 5866 5866 5866 5866 -1 6567 -1 6175 6175 6175 6175 6175 6175 6175 6175 6175 6175 -1 5382 5382 -1 -1 5382 -1 -1 -1 6588 -1 6588 -1 6094 6094 6094 6094 6094 6094 6094 -1
5901 5901 5901 5901 5901 5901 5901 5901 -1 -1 6410 6410 -1 -1 -1 5516 5516 5516 -1 -1 -1 -1 6326 -1 -1 6326 6326 6326 6326 6326 -1 -1 -1 -1 5636 5636 -1 5636 5636 5636 -1 5942 5942 5942 5942 5942 5942 -1 -1 6246 6246 -1 -1 5855 5855 5855 5855 5855 -1 6061 6061 6061 -1 5866 5866 -1 6567 6567 6567 -1 6175 6175 6175 6175 6175 6175 6175 6175 6175 6175 -1 5382 -1 6083 -1 -1 -1 6588 6588 6588 6588 -1 -1 6094 6094 6094 6094 6094 6094 -1
5901 5901 5901 5901 5901 5901 5901 -1 6410 -1 6410 6410 6410 -1 5516 5516 5516 -1 6517 -1 -1 6326 6326 6326 6326 6326 6326 6326 6326 -1 -1 -1 6334 6334 -1 -1 5636 5636 5636 -1 5942 5942 5942 5942 -1 5942 -1 6246 6246 6246 6246 -1 5855 5855 5855 5855 5855 5855 5855 -1 6061 6061 6061 -1 -1 6567 6567 6567 -1 6175 6175 6175 6175 6175 6175 6175 6175 6175 -1 6175 -1 -1 6083 6083 -1 -1 6588 6588 6588 6588 6588 6588 6588 -1 6094 6094 6094 6094 -1 -1
5901 5901 5901 5901 5901 5901 -1 -1 6410 6410 6410 6410 6410 6410 -1 5516 -1 6517 6517 -1 6326 6326 6326 6326 6326 6326 6326 6326 6326 6326 -1 -1 -1 6334 6334 6334 -1 5636 -1 6639 -1 5942 5942 5942 5942 -1 6246 6246 6246 6246 6246 -1 -1 5855 -1 5855 5855 5855 -1 -1 -1 -1 6061 -1 6567 6567 6567 6567 6567 -1 6175 -1 6175 6175 6175 6175 6175 6175 6175 6175 6175 -1 6083 -1 6588 -1 6588 6588 6588 6588 6588 6588 6588 6588 -1 6094 6094 6094 6094 -1
5901 5901 5901 5901 5901 -1 -1 6607 -1 6410 6410 6410 6410 -1 -1 -1 6517 6517 6517 6517 -1 6326 6326 6326 6326 6326 6326 6326 6326 6326 -1 -1 6334 6334 6334 6334 6334 -1 6639 6639 6639 -1 5942 5942 -1 6246 6246 6246 6246 6246 -1 6556 6556 -1 6556 -1 -1 -1 -1 -1 6762 6762 -1 -1 -1 6567 6567 6567 6567 6567 -1 6175 6175 6175 6175 6175 6175 6175 6175 -1 -1 -1 -1 6588 6588 6588 6588 6588 6588 6588 6588 6588 -1 -1 6094 6094 -1 6094 -1 -1
5901 -1 5901 -1 -1 6607 6607 6607 -1 -1 6410 6410 -1 6517 6517 6517 6517 6517 6517 6517 6517 -1 -1 6326 6326 6326 6326 6326 6326 6326 6326 6326 -1 6334 6334 6334 6334 -1 6639 6639 6639 6639 -1 -1 6246 6246 6246 6246 6246 -1 6556 6556 6556 6556 6556 6556 6556 6556 -1 6762 6762 6762 6762 6762 6762 -1 6567 6567 6567 -1 6175 6175 -1 6175 6175 6175 6175 6175 6175 -1 6581 -1 6588 6588 6588 6588 6588 6588 6588 6588 6588 6588 6588 -1 6094 -1 6997 -1 6997 6997
-1 7000 -1 6607 6607 6607 6607 6607 6607 6607 -1 -1 6517 6517 6517 6517 6517 6517 6517 6517 6517 6517 -1 6326 6326 6326 6326 6326 6326 -1 6326 -1 6334 6334 -1 6334 -1 6639 6639 6639 6639 6639 6639 6639 -1 6246 6246 6246 6246 6246 -1 6556 6556 6556 6556 6556 6556 -1 6762 -1 6762 6762 6762 6762 6762 6762 -1 6567 6567 6567 -1 -1 6175 6175 6175 6175 6175 6175 -1 6581 6581 6581 -1 -1 -1 6588 -1 6588 6588 6588 6588 6588 6588 6588 -1 6997 6997 6997 6997 6997
7000 7000 -1 6607 6607 6607 6607 6607 6607 6607 6607 -1 6517 6517 6517 6517 6517 6517 6517 6517 6517 6517 6517 -1 6326 6326 6326 -1 6326 6326 -1 6830 -1 6334 -1 6334 -1 -1 6639 6639 -1 6639 -1 -1 -1 -1 6246 6246 -1 -1 -1 -1 6556 6556 6556 6556 6556 -1 6762 6762 6762 6762 6762 6762 6762 6762 -1 -1 6567 6567 6567 6567 -1 -1 6175 6175 6175 6175 -1 -1 -1 -1 6783 6783 -1 6588 6588 6588 6588 6588 6588 6588 6588 6588 6588 -1 6997 6997 6997 6997
7000 7000 -1 6607 6607 6607 6607 6607 6607 6607 -1 -1 6517 6517 6517 6517 -1 6517 6517 6517 6517 6517 -1 6326 6326 6326 6326 -1 6326 -1 6830 6830 6830 -1 6734 -1 -1 7240 -1 -1 7240 -1 7240 -1 -1 6246 6246 6246 6246 -1 6556 6556 6556 6556 6556 6556 -1 6762 6762 6762 6762 6762 6762 6762 6762 6762 6762 6762 -1 6567 -1 6567 -1 7170 -1 6175 6175 -1 7279 7279 7279 7279 -1 6783 6783 -1 6588 6588 6588 6588 6588 6588 6588 6588 -1 6997 6997 6997 6997 -1
7000 7000 7000 -1 -1 6607 6607 6607 6607 6607 -1 -1 -1 6517 -1 -1 6517 6517 6517 -1 6517 6517 -1 -1 6326 -1 -1 -1 -1 6830 6830 6830 6830 -1 6734 -1 7240 7240 7240 7240 7240 7240 7240 7240 7240 -1 -1 6246 -1 6948 -1 6556 6556 6556 6556 6556 6556 -1 6762 6762 6762 6762 6762 6762 6762 6762 -1 -1 7170 -1 7170 -1 -1 7170 7170 -1 6175 -1 7279 7279 7279 7279 -1 6783 -1 6588 6588 6588 6588 6588 6588 6588 6588 6588 -1 6997 6997 6997 6997 6997
7000 7000 -1 6903 6903 -1 -1 6607 6607 -1 -1 -1 -1 -1 -1 -1 -1 6517 6517 6517 6517 -1 7021 7021 -1 6926 6926 -1 7529 -1 -1 -1 -1 -1 -1 7240 7240 7240 7240 7240 7240 7240 7240 7240 -1 6945 6945 -1 6948 6948 6948 -1 6556 6556 6556 6556 -1 -1 6762 -1 -1 6762 6762 6762 6762 6762 -1 7170 7170 7170 7170 7170 7170 7170 -1 -1 -1 7279 7279 7279 7279 7279 7279 -1 -1 -1 6588 6588 6588 6588 6588 6588 6588 -1 6997 6997 6997 6997 6997 6997
7000 -1 7604 -1 -1 7005 7005 -1 6607 -1 7109 7109 -1 -1 7412 -1 -1 -1 6517 -1 -1 7021 7021 -1 -1 6926 6926 -1 7529 7529 7529 7529 -1 -1 7240 -1 7240 7240 7240 7240 7240 7240 7240 7240 7240 -1 -1 6948 6948 6948 -1 -1 -1 6556 6556 -1 7256 7256 -1 -1 -1 6762 6762 6762 6762 -1 7170 7170 7170 7170 7170 7170 7170 -1 7170 7170 7170 -1 7279 7279 7279 7279 7279 -1 -1 6588 6588 6588 6588 -1 -1 6588 -1 6997 6997 6997 6997 6997 6997 6997
-1 7604 7604 7604 7604 -1 -1 -1 -1 7109 7109 7109 7109 -1 7412 7412 -1 7818 -1 7021 7021 7021 7021 7021 7021 -1 -1 7529 7529 7529 7529 -1 -1 7240 7240 -1 7240 7240 7240 7240 7240 7240 7240 7240 7240 7240 7240 -1 6948 -1 7851 -1 -1 -1 6556 -1 7256 7256 7256 -1 7662 -1 6762 -1 -1 -1 -1 7170 7170 7170 7170 7170 7170 7170 7170 7170 7170 7170 -1 7279 7279 7279 -1 7287 7287 -1 6588 -1 6588 -1 7390 -1 6997 6997 6997 6997 6997 6997 6997 6997
7604 7604 7604 7604 7604 -1 7604 -1 7604 -1 7109 7109 -1 7412 7412 -1 7818 7818 7818 -1 7021 7021 7021 7021 -1 7529 7529 -1 7529 7529 7529 7529 -1 -1 7240 7240 7240 7240 7240 7240 7240 7240 7240 -1 7240 7240 -1 -1 -1 7851 7851 7851 -1 -1 -1 7256 7256 7256 -1 -1 7662 7662 -1 7662 7662 -1 -1 -1 7170 7170 7170 7170 7170 -1 7170 7170 -1 -1 7279 7279 7279 7279 -1 7287 7287 7287 -1 7287 -1 -1 7390 7390 -1 -1 6997 -1 6997 6997 6997 6997
-1 -1 7604 7604 7604 7604 7604 7604 7604 7604 -1 -1 7412 7412 -1 -1 -1 7818 7818 7818 -1 -1 7021 -1 -1 7529 7529 7529 7529 7529 7529 7529 7529 7529 -1 -1 7240 7240 7240 7240 7240 7240 -1 7644 -1 -1 -1 -1 7851 7851 7851 -1 7851 -1 -1 -1 7256 -1 7662 7662 7662 7662 7662 7662 7662 7662 -1 7170 7170 7170 7170 7170 7170 7170 -1 -1 7279 7279 7279 7279 7279 -1 7683 -1 -1 7287 7287 7287 7287 -1 7390 7390 -1 7694 -1 7694 -1 6997 6997 6997
7604 7604 7604 7604 7604 7604 7604 7604 7604 -1 -1 -1 7412 -1 7818 7818 7818 7818 7818 7818 -1 7818 -1 -1 -1 7529 7529 7529 7529 7529 7529 7529 7529 -1 -1 7240 7240 7240 7240 7240 7240 7240 -1 7644 7644 -1 -1 7851 7851 7851 7851 7851 7851 7851 -1 7851 -1 -1 7662 7662 7662 7662 7662 7662 7662 -1 -1 7170 7170 7170 7170 7170 7170 7170 -1 7279 7279 7279 7279 7279 -1 7683 7683 -1 7683 -1 7287 7287 -1 7390 7390 -1 7694 7694 7694 7694 7694 -1 6997 -1
7604 7604 7604 7604 7604 7604 7604 7604 7604 7604 7604 7604 -1 -1 -1 7818 7818 7818 7818 7818 7818 7818 7818 -1 7625 -1 7529 -1 7529 7529 7529 7529 7529 -1 -1 -1 7240 7240 7240 7240 -1 -1 7644 7644 7644 7644 -1 7851 7851 7851 7851 7851 7851 7851 7851 7851 7851 -1 7662 7662 7662 7662 7662 7662 7662 7662 7662 -1 7170 7170 7170 7170 7170 -1 7874 -1 7279 7279 7279 7279 7279 -1 7683 7683 7683 -1 -1 7287 -1 -1 -1 7694 7694 7694 7694 7694 7694 -1 -1 -1
-1 -1 7604 -1 7604 7604 7604 7604 7604 7604 7604 -1 -1 7818 7818 7818 7818 7818 7818 7818 7818 7818 -1 -1 7625 7625 -1 8125 -1 7529 7529 7529 7529 7529 -1 -1 -1 7240 7240 -1 7644 7644 7644 7644 7644 7644 -1 -1 7851 7851 7851 7851 7851 7851 7851 7851 7851 7851 -1 7662 7662 7662 7662 7662 7662 7662 7662 7662 -1 -1 7170 -1 -1 7874 7874 7874 -1 7279 7279 7279 -1 7683 7683 7683 7683 7683 7683 -1 7991 7991 7991 -1 7694 7694 7694 7694 7694 7694 7694 -1
7701 7701 -1 8204 -1 7604 7604 7604 7604 7604 7604 -1 7911 -1 -1 7818 7818 7818 7818 7818 7818 7818 7818 7818 -1 -1 8125 8125 8125 -1 7529 7529 7529 7529 7529 -1 7936 -1 7240 -1 -1 -1 7644 7644 7644 7644 7644 7644 -1 7851 7851 7851 7851 7851 7851 -1 7851 -1 7662 7662 7662 7662 7662 7662 7662 7662 7662 7662 -1 7969 -1 7874 7874 7874 7874 7874 7874 -1 7279 -1 -1 -1 7683 7683 7683 -1 -1 -1 7991 7991 7991 -1 7694 7694 7694 7694 7694 7694 -1 -1
7701 -1 8204 8204 8204 -1 -1 7604 7604 7604 -1 7911 7911 -1 7818 7818 7818 7818 7818 7818 7818 7818 7818 7818 7818 7818 -1 8125 8125 8125 -1 -1 7529 7529 -1 7936 7936 7936 -1 -1 8339 -1 -1 -1 7644 7644 7644 -1 7851 7851 7851 7851 -1 7851 7851 -1 -1 -1 -1 7662 7662 7662 7662 7662 7662 7662 7662 7662 -1 7969 7969 -1 7874 7874 7874 7874 7874 7874 -1 -1 -1 7683 7683 7683 7683 7683 -1 8587 -1 7991 7991 7991 -1 -1 7694 7694 -1 -1 8499 -1
-1 8204 8204 8204 8204 -1 8204 -1 7604 -1 -1 7911 7911 -1 7818 7818 7818 7818 7818 7818 -1 7818 7818 7818 7818 -1 8125 8125 8125 8125 8125 8125 -1 -1 7936 7936 7936 7936 -1 8339 8339 8339 -1 8145 -1 7644 -1 7851 7851 7851 7851 -1 8152 -1 -1 -1 -1 -1 8358 -1 7662 7662 7662 7662 7662 7662 -1 -1 7969 7969 -1 7874 7874 7874 7874 7874 7874 7874 7874 -1 8380 -1 7683 7683 7683 -1 -1 8587 8587 -1 -1 7991 7991 -1 7694 -1 -1 -1 8499 8499
8204 8204 8204 8204 8204 8204 8204 8204 -1 -1 8512 -1 -1 8512 -1 7818 7818 7818 7818 7818 7818 7818 7818 7818 -1 8125 8125 8125 8125 8125 -1 -1 7936 7936 7936 -1 7936 7936 -1 8339 8339 -1 8145 8145 8145 -1 -1 -1 -1 7851 7851 -1 8152 -1 -1 8358 -1 8358 8358 8358 -1 7662 -1 7662 7662 -1 -1 -1 7969 7969 7969 -1 7874 7874 7874 7874 7874 7874 -1 8380 8380 8380 -1 7683 -1 8587 8587 8587 8587 -1 8587 -1 7991 7991 -1 7991 -1 8499 8499 8499
8204 8204 8204 8204 8204 8204 8204 8204 -1 8512 8512 -1 8512 8512 8512 -1 7818 7818 -1 7818 -1 -1 7818 -1 -1 8125 8125 -1 8125 8125 -1 -1 -1 7936 -1 8433 -1 -1 8339 8339 8339 8339 -1 8145 8145 8145 -1 8147 8147 -1 -1 8152 8152 8152 -1 8358 8358 8358 8358 8358 -1 -1 8162 -1 7662 -1 -1 8768 -1 7969 7969 -1 7874 7874 -1 7874 -1 -1 8380 8380 8380 8380 8380 -1 8587 8587 8587 8587 8587 8587 8587 8587 -1 7991 7991 7991 7991 -1 8499 8499
8204 8204 8204 8204 8204 8204 8204 -1 8512 8512 8512 8512 8512 8512 8512 8512 -1 -1 -1 -1 8221 8221 -1 -1 8725 -1 -1 8725 -1 -1 8433 8433 8433 -1 8433 8433 8433 -1 8339 8339 8339 8339 8339 -1 -1 -1 8644 -1 -1 8249 8249 -1 8152 8152 -1 -1 8358 8358 8358 8358 8358 -1 8162 8162 -1 -1 8768 8768 8768 -1 -1 -1 7874 -1 -1 7874 -1 8380 8380 8380 8380 8380 -1 8587 -1 8587 8587 8587 8587 8587 8587 8587 -1 7991 7991 7991 7991 -1 8499 8499
8204 8204 8204 8204 8204 8204 -1 8512 8512 8512 8512 8512 8512 8512 8512 8512 -1 8512 -1 8221 8221 8221 -1 -1 8725 8725 8725 8725 -1 -1 8433 8433 8433 8433 8433 8433 8433 8433 -1 8339 -1 8339 -1 8644 8644 -1 8644 8644 8644 -1 8249 -1 8152 -1 -1 8954 -1 8358 8358 8358 8358 8358 -1 8162 -1 8768 -1 8768 8768 -1 8768 8768 -1 -1 8380 -1 8380 8380 8380 8380 8380 -1 8587 8587 8587 8587 8587 8587 8587 8587 8587 -1 8587 -1 -1 7991 -1 8499 8499 8499
8204 8204 8204 8204 8204 8204 8204 -1 8512 8512 8512 8512 8512 8512 8512 8512 8512 8512 8512 -1 -1 -1 8725 8725 8725 8725 8725 8725 8725 8725 -1 8433 8433 8433 8433 8433 8433 8433 8433 -1 9140 -1 8644 8644 8644 8644 8644 8644 -1 8249 8249 -1 -1 -1 8954 8954 8954 -1 8358 8358 8358 8358 8358 -1 8768 8768 8768 8768 -1 8768 8768 8768 8768 -1 8380 8380 8380 8380 8380 8380 -1 -1 -1 8587 8587 8587 8587 8587 8587 8587 8587 8587 8587 -1 8994 -1 8499 8499 8499 8499
8204 8204 -1 8204 8204 8204 -1 8512 8512 8512 8512 8512 8512 8512 8512 8512 8512 -1 -1 -1 8725 8725 8725 8725 8725 8725 8725 8725 8725 -1 8433 8433 8433 8433 8433 8433 8433 8433 -1 9140 9140 9140 -1 8644 8644 8644 8644 -1 8249 8249 -1 8954 8954 8954 8954 8954 8954 -1 8358 8358 8358 8358 -1 8768 8768 8768 8768 8768 8768 8768 8768 8768 8768 8768 -1 8380 8380 8380 8380 -1 9181 -1 -1 8587 8587 8587 8587 8587 8587 -1 -1 -1 -1 8994 8994 8994 -1 8499 -1 8499
-1 8204 -1 8204 8204 8204 8204 -1 -1 8512 8512 8512 8512 8512 8512 8512 8512 -1 8915 -1 -1 8725 8725 8725 8725 8725 8725 8725 -1 8433 8433 8433 8433 8433 8433 8433 -1 -1 9140 9140 9140 9140 -1 8644 8644 8644 8644 8644 -1 -1 8954 8954 8954 8954 8954 8954 8954 8954 -1 -1 8358 -1 8768 8768 8768 8768 8768 8768 8768 8768 8768 8768 8768 -1 -1 8380 8380 8380 8380 -1 9181 -1 -1 -1 8587 8587 8587 8587 -1 8994 8994 8994 8994 8994 8994 8994 8994 -1 8994 -1
-1 -1 8204 8204 8204 8204 -1 -1 8512 8512 8512 8512 -1 8512 8512 8512 -1 8915 8915 -1 8725 8725 8725 8725 8725 8725 8725 -1 -1 -1 8433 -1 8433 -1 8433 -1 -1 -1 9140 9140 9140 9140 9140 -1 8644 8644 8644 8644 -1 8954 8954 8954 8954 8954 8954 8954 8954 8954 8954 8954 -1 8761 -1 -1 8768 8768 8768 8768 8768 8768 8768 -1 -1 8876 8876 -1 -1 8380 -1 9181 9181 9181 -1 8587 8587 8587 8587 8587 -1 8994 8994 -1 8994 8994 8994 8994 8994 8994 8994 8994
9100 -1 -1 8204 8204 -1 8806 8806 -1 8512 8512 8512 8512 -1 8512 -1 8915 8915 8915 8915 -1 8725 8725 8725 8725 8725 8725 8725 8725 -1 -1 -1 -1 -1 8433 -1 -1 9140 9140 9140 9140 9140 9140 9140 -1 8644 8644 8644 -1 8954 8954 8954 8954 8954 8954 8954 8954 8954 -1 -1 8761 8761 -1 8768 8768 8768 8768 8768 8768 8768 8768 8768 -1 8876 8876 8876 8876 -1 9181 9181 9181 9181 9181 -1 8587 8587 8587 8587 -1 8994 8994 8994 8994 8994 8994 8994 8994 8994 8994 8994
9100 9100 9100 -1 8204 -1 8806 -1 -1 8512 8512 8512 -1 8915 -1 8915 8915 8915 8915 8915 -1 8725 8725 8725 8725 8725 8725 8725 8725 8725 8725 -1 9031 9031 -1 9636 -1 -1 9140 9140 9140 9140 9140 9140 9140 -1 8644 -1 8954 8954 8954 8954 8954 8954 8954 8954 8954 8954 -1 8761 8761 8761 8761 -1 8768 8768 8768 8768 8768 8768 8768 8768 8768 -1 -1 -1 -1 9181 9181 9181 9181 9181 9181 9181 -1 8587 8587 -1 8994 8994 8994 8994 8994 8994 8994 8994 8994 8994 8994 8994
9100 9100 9100 9100 -1 9205 -1 9211 9211 -1 8512 -1 8915 8915 8915 8915 8915 8915 8915 -1 -1 -1 -1 8725 8725 8725 8725 8725 8725 8725 -1 9031 9031 -1 9636 9636 9636 -1 9140 9140 9140 9140 9140 9140 -1 8644 8644 8644 -1 8954 8954 8954 8954 8954 8954 8954 8954 8954 8954 -1 8761 8761 8761 8761 -1 8768 8768 -1 8768 8768 8768 -1 -1 9173 9173 9173 -1 -1 9181 9181 9181 9181 9181 -1 9486 -1 8587 -1 8994 8994 8994 8994 8994 8994 8994 8994 8994 8994 8994 8994
9100 9100 9100 -1 9205 9205 -1 9211 9211 9211 -1 -1 8915 8915 8915 8915 8915 8915 8915 8915 -1 9221 -1 8725 8725 8725 8725 8725 -1 -1 9031 9031 9031 -1 9636 9636 9636 9636 -1 -1 9140 9140 9140 -1 9140 -1 8644 -1 -1 8954 8954 8954 8954 8954 8954 8954 8954 8954 8954 8954 -1 8761 8761 8761 -1 8768 8768 8768 8768 8768 8768 -1 9173 9173 -1 -1 -1 9676 -1 9181 9181 9181 9181 -1 9486 -1 8587 -1 -1 -1 8994 8994 8994 8994 8994 8994 8994 8994 8994 8994
9100 9100 9100 9100 -1 9205 -1 -1 9211 9211 9211 9211 -1 8915 8915 8915 8915 8915 8915 -1 -1 9221 9221 -1 8725 8725 8725 -1 -1 9031 9031 9031 -1 9636 9636 9636 9636 9636 9636 9636 -1 9140 9140 9140 9140 9140 -1 9348 9348 -1 8954 8954 8954 8954 8954 8954 8954 8954 -1 -1 9457 -1 -1 -1 9367 -1 -1 -1 8768 8768 8768 -1 9173 -1 9676 9676 9676 9676 9676 -1 9181 9181 -1 9486 9486 9486 -1 9486 9486 9486 -1 -1 8994 8994 8994 8994 8994 8994 8994 8994
9100 9100 -1 -1 -1 -1 9804 -1 9211 9211 9211 9211 -1 8915 8915 -1 8915 8915 -1 -1 9718 -1 9221 -1 8725 -1 8725 -1 9927 -1 9031 -1 9636 9636 9636 9636 9636 9636 9636 9636 -1 -1 9140 9140 9140 9140 -1 -1 9348 9348 -1 -1 8954 8954 8954 8954 -1 -1 9457 9457 9457 9457 9457 -1 9367 9367 9367 9367 -1 8768 -1 -1 -1 9676 -1 9676 9676 9676 9676 -1 9181 9181 -1 9486 9486 9486 9486 9486 9486 9486 -1 -1 -1 8994 8994 8994 8994 8994 8994 -1
-1 -1 9804 -1 9804 9804 9804 9804 -1 -1 9211 9211 -1 -1 -1 9718 -1 -1 9718 -1 9718 9718 -1 -1 -1 9927 -1 9927 9927 9927 -1 -1 -1 9636 9636 9636 9636 9636 9636 9636 9636 9636 -1 -1 9140 -1 -1 9745 -1 -1 9652 9652 -1 8954 8954 8954 -1 9457 9457 9457 9457 9457 -1 -1 9367 9367 9367 9367 9367 -1 -1 -1 9676 9676 9676 9676 9676 9676 9676 -1 -1 -1 9486 9486 9486 9486 9486 9486 9486 9486 9486 -1 8994 8994 8994 8994 -1 8994 -1 9698
-1 9804 9804 -1 9804 9804 9804 9804 9804 -1 9211 -1 -1 9718 9718 9718 9718 9718 9718 9718 9718 9718 9718 -1 9927 9927 9927 9927 9927 9927 -1 9636 9636 9636 9636 9636 9636 9636 9636 9636 9636 9636 9636 9636 -1 -1 9745 9745 -1 9652 9652 9652 9652 -1 8954 -1 -1 9457 9457 9457 9457 9457 -1 -1 -1 9367 9367 9367 -1 9866 -1 -1 -1 9676 9676 9676 9676 -1 9676 9676 9676 -1 9486 9486 9486 9486 9486 9486 9486 9486 -1 -1 -1 8994 -1 -1 9698 -1 9698 9698
9804 9804 9804 9804 9804 9804 9804 9804 9804 9804 -1 -1 9718 9718 9718 9718 9718 9718 9718 9718 9718 9718 -1 9927 9927 9927 9927 9927 9927 9927 -1 9636 9636 9636 9636 9636 9636 9636 9636 9636 9636 9636 9636 9636 9636 -1 9745 9745 9745 -1 9652 9652 9652 9652 -1 9652 9652 -1 9457 9457 9457 9457 9457 9457 -1 -1 9367 -1 9866 9866 9866 -1 9676 9676 9676 9676 9676 9676 9676 9676 9676 9676 -1 9486 9486 9486 9486 9486 9486 9486 9486 -1 -1 -1 9698 9698 9698 9698 9698 9698
9804 9804 9804 9804 9804 9804 9804 9804 9804 -1 9804 -1 -1 9718 9718 9718 9718 9718 9718 9718 9718 9718 -1 9927 9927 9927 9927 9927 9927 -1 9636 9636 -1 9636 9636 9636 9636 9636 9636 9636 9636 9636 9636 9636 -1 9745 9745 9745 9745 9745 -1 9652 9652 9652 9652 9652 9652 -1 9457 9457 9457 9457 9457 -1 9866 9866 -1 9866 9866 9866 9866 9866 -1 9676 9676 9676 9676 9676 9676 9676 9676 -1 9486 9486 9486 9486 9486 9486 9486 9486 -1 -1 9698 9698 9698 9698 9698 9698 9698 9698
9804 9804 9804 9804 9804 9804 9804 9804 9804 9804 9804 9804 -1 -1 -1 9718 9718 9718 9718 9718 9718 -1 -1 9927 9927 9927 9927 9927 9927 9927 -1 -1 9636 9636 9636 9636 9636 9636 9636 9636 9636 -1 -1 -1 9745 9745 9745 9745 9745 9745 -1 9652 9652 9652 9652 9652 9652 -1 9457 9457 9457 -1 -1 9866 9866 9866 9866 9866 9866 9866 9866 -1 9676 9676 9676 9676 9676 9676 9676 9676 -1 -1 9486 9486 -1 9486 9486 9486 9486 9486 9486 -1 -1 9698 -1 9698 9698 9698 -1 9698
9804 9804 9804 9804 9804 9804 9804 9804 9804 9804 9804 -1 -1 -1 9718 9718 9718 9718 9718 9718 -1 9927 9927 9927 9927 9927 9927 9927 9927 9927 9927 9927 -1 9636 9636 9636 9636 9636 9636 9636 9636 9636 -1 -1 9745 9745 9745 9745 9745 -1 9652 9652 9652 9652 9652 9652 -1 9457 9457 -1 -1 9866 9866 9866 9866 9866 9866 9866 9866 9866 -1 -1 -1 -1 9676 9676 9676 -1 9676 -1 9981 9981 -1 9486 -1 9486 9486 9486 9486 9486 -1 9992 9992 -1 9698 9698 9698 9698 9698 -1
